0000000000000000000000000000000000000000000000000000000000000000000000000000000000000000000000000000
0111111111111111111111111111111111111111011111111111111111111111111111111111111111111111111111111110
0111111111111111111111111111111111111111011111111111111111111111111110001111111111111111111111111110
0111111111111111111111111111111111111111011111111111110111111111111100000111111111111111111111111110
0111111111111110001111111111111111111111011111111111111111111111111100000111111111111111111111111110
0111111111111110001111111111111111111111011111111111111111111111111110001111111111111111111111111110
0111111111111110001111111111111111111111111111111111011111111111111111111111111111111111111111111110
0111111111111111111111111111111111111111111111111111111111111111111111111111111111111110001111111110
0111111111111111111111111111111111111111111111111111111111111111111111111111111111111111111111111110
0000000000000000000000000000000000000000000000000000000000000000000000000000000000000000000000000000
